[hand.jpg]
text=1;175;48;A healthy outside&#010;  &#010;     starts from the inside;Andale Mono;0.111867,0.222476,0.043212,6.283185;v1,4294967295,4294967295,128.000000,1.000000,0.250000,1.000000,400,2,49152;;
backuphash=49578
textactive=1
